(kicad_pcb (version 20171130) (host pcbnew 5.1.5)

  (general
    (thickness 1.6)
    (drawings 103)
    (tracks 783)
    (zones 0)
    (modules 76)
    (nets 67)
  )

  (page A4)
  (layers
    (0 F.Cu signal)
    (31 B.Cu signal)
    (32 B.Adhes user)
    (33 F.Adhes user)
    (34 B.Paste user)
    (35 F.Paste user)
    (36 B.SilkS user)
    (37 F.SilkS user)
    (38 B.Mask user)
    (39 F.Mask user)
    (40 Dwgs.User user)
    (41 Cmts.User user)
    (42 Eco1.User user)
    (43 Eco2.User user)
    (44 Edge.Cuts user)
    (45 Margin user hide)
    (46 B.CrtYd user hide)
    (47 F.CrtYd user hide)
    (48 B.Fab user hide)
    (49 F.Fab user hide)
  )

  (setup
    (last_trace_width 0.25)
    (user_trace_width 0.5)
    (user_trace_width 1)
    (user_trace_width 1.5)
    (user_trace_width 2)
    (user_trace_width 2.5)
    (user_trace_width 3)
    (trace_clearance 0.2)
    (zone_clearance 0.508)
    (zone_45_only no)
    (trace_min 0.2)
    (via_size 0.8)
    (via_drill 0.4)
    (via_min_size 0.4)
    (via_min_drill 0.3)
    (uvia_size 0.3)
    (uvia_drill 0.1)
    (uvias_allowed no)
    (uvia_min_size 0.2)
    (uvia_min_drill 0.1)
    (edge_width 0.05)
    (segment_width 0.2)
    (pcb_text_width 0.3)
    (pcb_text_size 1.5 1.5)
    (mod_edge_width 0.12)
    (mod_text_size 1 1)
    (mod_text_width 0.15)
    (pad_size 1.524 1.524)
    (pad_drill 0.762)
    (pad_to_mask_clearance 0.051)
    (solder_mask_min_width 0.25)
    (aux_axis_origin 0 0)
    (visible_elements FFFFFF7F)
    (pcbplotparams
      (layerselection 0x010fc_ffffffff)
      (usegerberextensions false)
      (usegerberattributes false)
      (usegerberadvancedattributes false)
      (creategerberjobfile false)
      (excludeedgelayer true)
      (linewidth 0.100000)
      (plotframeref false)
      (viasonmask false)
      (mode 1)
      (useauxorigin false)
      (hpglpennumber 1)
      (hpglpenspeed 20)
      (hpglpendiameter 15.000000)
      (psnegative false)
      (psa4output false)
      (plotreference true)
      (plotvalue true)
      (plotinvisibletext false)
      (padsonsilk false)
      (subtractmaskfromsilk false)
      (outputformat 1)
      (mirror false)
      (drillshape 1)
      (scaleselection 1)
      (outputdirectory ""))
  )

  (net 0 "")
  (net 1 GND)
  (net 2 MCU_RST)
  (net 3 MCU_DTR)
  (net 4 "Net-(C3-Pad1)")
  (net 5 "Net-(C4-Pad1)")
  (net 6 "Net-(C5-Pad2)")
  (net 7 +5V)
  (net 8 "Net-(C18-Pad2)")
  (net 9 "Net-(D1-Pad2)")
  (net 10 "Net-(D2-Pad1)")
  (net 11 CP_TX)
  (net 12 "Net-(D3-Pad2)")
  (net 13 "Net-(D4-Pad2)")
  (net 14 CP_RX)
  (net 15 /Relay/220V_L)
  (net 16 "Net-(F1-Pad2)")
  (net 17 "Net-(F2-Pad1)")
  (net 18 "Net-(F2-Pad2)")
  (net 19 "Net-(F3-Pad2)")
  (net 20 "Net-(IC1-Pad2)")
  (net 21 "Net-(IC1-Pad3)")
  (net 22 TEMP_MAX_SCK)
  (net 23 TEMP_MAX_CS1)
  (net 24 TEMP_MAX_SO)
  (net 25 TEMP_MAX_CS2)
  (net 26 "Net-(IC2-Pad3)")
  (net 27 "Net-(IC2-Pad2)")
  (net 28 MCU_ISP_MISO)
  (net 29 MCU_ISP_SCK)
  (net 30 MCU_ISP_MOSI)
  (net 31 /Relay/220V_N)
  (net 32 "Net-(J4-Pad1)")
  (net 33 "Net-(J5-Pad1)")
  (net 34 "Net-(J6-Pad3)")
  (net 35 DISP_1604_RS)
  (net 36 DISP_1604_RW)
  (net 37 DISP_1604_EN)
  (net 38 DISP_1604_D4)
  (net 39 DISP_1604_D5)
  (net 40 DISP_1604_D6)
  (net 41 DISP_1604_D7)
  (net 42 "Net-(J6-Pad15)")
  (net 43 MCU_SDA)
  (net 44 MCU_SCL)
  (net 45 CP_D-)
  (net 46 CP_D+)
  (net 47 CP_DTR)
  (net 48 MCU_TX)
  (net 49 MCU_RX)
  (net 50 "Net-(R2-Pad2)")
  (net 51 RELAY_1)
  (net 52 "Net-(R6-Pad1)")
  (net 53 RELAY_2)
  (net 54 "Net-(R7-Pad1)")
  (net 55 "Net-(R8-Pad2)")
  (net 56 "Net-(R8-Pad1)")
  (net 57 "Net-(R9-Pad1)")
  (net 58 "Net-(R9-Pad2)")
  (net 59 DISP_ENC_B)
  (net 60 DISP_ENC_A)
  (net 61 DISP_ENC_SEL)
  (net 62 "Net-(TP1-Pad1)")
  (net 63 "Net-(TP2-Pad1)")
  (net 64 "Net-(U4-Pad11)")
  (net 65 "Net-(U4-Pad14)")
  (net 66 +5VA)

  (net_class Default "This is the default net class."
    (clearance 0.2)
    (trace_width 0.25)
    (via_dia 0.8)
    (via_drill 0.4)
    (uvia_dia 0.3)
    (uvia_drill 0.1)
    (add_net +5V)
    (add_net +5VA)
    (add_net /Relay/220V_L)
    (add_net /Relay/220V_N)
    (add_net CP_D+)
    (add_net CP_D-)
    (add_net CP_DTR)
    (add_net CP_RX)
    (add_net CP_TX)
    (add_net DISP_1604_D4)
    (add_net DISP_1604_D5)
    (add_net DISP_1604_D6)
    (add_net DISP_1604_D7)
    (add_net DISP_1604_EN)
    (add_net DISP_1604_RS)
    (add_net DISP_1604_RW)
    (add_net DISP_ENC_A)
    (add_net DISP_ENC_B)
    (add_net DISP_ENC_SEL)
    (add_net GND)
    (add_net MCU_DTR)
    (add_net MCU_ISP_MISO)
    (add_net MCU_ISP_MOSI)
    (add_net MCU_ISP_SCK)
    (add_net MCU_RST)
    (add_net MCU_RX)
    (add_net MCU_SCL)
    (add_net MCU_SDA)
    (add_net MCU_TX)
    (add_net "Net-(C18-Pad2)")
    (add_net "Net-(C3-Pad1)")
    (add_net "Net-(C4-Pad1)")
    (add_net "Net-(C5-Pad2)")
    (add_net "Net-(D1-Pad2)")
    (add_net "Net-(D2-Pad1)")
    (add_net "Net-(D3-Pad2)")
    (add_net "Net-(D4-Pad2)")
    (add_net "Net-(F1-Pad2)")
    (add_net "Net-(F2-Pad1)")
    (add_net "Net-(F2-Pad2)")
    (add_net "Net-(F3-Pad2)")
    (add_net "Net-(IC1-Pad2)")
    (add_net "Net-(IC1-Pad3)")
    (add_net "Net-(IC2-Pad2)")
    (add_net "Net-(IC2-Pad3)")
    (add_net "Net-(J4-Pad1)")
    (add_net "Net-(J5-Pad1)")
    (add_net "Net-(J6-Pad15)")
    (add_net "Net-(J6-Pad3)")
    (add_net "Net-(R2-Pad2)")
    (add_net "Net-(R6-Pad1)")
    (add_net "Net-(R7-Pad1)")
    (add_net "Net-(R8-Pad1)")
    (add_net "Net-(R8-Pad2)")
    (add_net "Net-(R9-Pad1)")
    (add_net "Net-(R9-Pad2)")
    (add_net "Net-(TP1-Pad1)")
    (add_net "Net-(TP2-Pad1)")
    (add_net "Net-(U4-Pad11)")
    (add_net "Net-(U4-Pad14)")
    (add_net RELAY_1)
    (add_net RELAY_2)
    (add_net TEMP_MAX_CS1)
    (add_net TEMP_MAX_CS2)
    (add_net TEMP_MAX_SCK)
    (add_net TEMP_MAX_SO)
  )

  (module logos:SENSA_15x6 (layer F.Cu) (tedit 0) (tstamp 5E2EA849)
    (at 241.6 94.3)
    (fp_text reference G*** (at 0 0) (layer F.SilkS) hide
      (effects (font (size 1.524 1.524) (thickness 0.3)))
    )
    (fp_text value LOGO (at 0.75 0) (layer F.SilkS) hide
      (effects (font (size 1.524 1.524) (thickness 0.3)))
    )
    (fp_poly (pts (xy -2.135814 -1.862907) (xy -2.124627 -1.849185) (xy -2.11694 -1.832874) (xy -2.112103 -1.809244)
      (xy -2.109469 -1.773569) (xy -2.108386 -1.721122) (xy -2.1082 -1.661921) (xy -2.108438 -1.592505)
      (xy -2.109612 -1.543816) (xy -2.112411 -1.511178) (xy -2.117525 -1.489919) (xy -2.125643 -1.475366)
      (xy -2.137455 -1.462845) (xy -2.137594 -1.462714) (xy -2.166988 -1.435101) (xy -3.316318 -1.4351)
      (xy -4.465648 -1.4351) (xy -4.499774 -1.47072) (xy -4.514003 -1.486604) (xy -4.5236 -1.502517)
      (xy -4.529479 -1.523611) (xy -4.532547 -1.555034) (xy -4.533718 -1.601935) (xy -4.5339 -1.6637)
      (xy -4.533677 -1.729542) (xy -4.532398 -1.775134) (xy -4.529154 -1.805625) (xy -4.523034 -1.826164)
      (xy -4.513128 -1.8419) (xy -4.499774 -1.856681) (xy -4.465648 -1.8923) (xy -2.163428 -1.8923)
      (xy -2.135814 -1.862907)) (layer F.SilkS) (width 0.01))
    (fp_poly (pts (xy -2.23272 -0.219874) (xy -2.218256 -0.205293) (xy -2.208358 -0.190935) (xy -2.202159 -0.171919)
      (xy -2.198794 -0.143364) (xy -2.197398 -0.100388) (xy -2.197103 -0.038107) (xy -2.1971 -0.01905)
      (xy -2.197255 0.048789) (xy -2.198297 0.096111) (xy -2.201091 0.127797) (xy -2.206504 0.148729)
      (xy -2.215401 0.163789) (xy -2.228649 0.177859) (xy -2.23272 0.181773) (xy -2.26834 0.2159)
      (xy -4.452718 0.2159) (xy -4.5339 0.13214) (xy -4.5339 -0.021856) (xy -4.533614 -0.087208)
      (xy -4.532147 -0.132523) (xy -4.528586 -0.16316) (xy -4.522018 -0.18448) (xy -4.51153 -0.201844)
      (xy -4.501022 -0.214926) (xy -4.468143 -0.254) (xy -2.26834 -0.254) (xy -2.23272 -0.219874)) (layer F.SilkS) (width 0.01))
    (fp_poly (pts (xy 6.278697 -2.029406) (xy 6.342283 -2.02565) (xy 7.167326 -0.089761) (xy 7.99237 1.846129)
      (xy 7.968097 1.891439) (xy 7.943824 1.93675) (xy 7.702537 1.940131) (xy 7.46125 1.943513)
      (xy 6.871562 0.533379) (xy 6.796369 0.353832) (xy 6.723801 0.181068) (xy 6.654465 0.016507)
      (xy 6.588968 -0.138435) (xy 6.527918 -0.282337) (xy 6.471919 -0.413782) (xy 6.421581 -0.531352)
      (xy 6.377508 -0.633629) (xy 6.340309 -0.719193) (xy 6.31059 -0.786626) (xy 6.288958 -0.834511)
      (xy 6.27602 -0.861429) (xy 6.272385 -0.867003) (xy 6.266321 -0.854273) (xy 6.251006 -0.819585)
      (xy 6.227059 -0.764386) (xy 6.195097 -0.690124) (xy 6.155735 -0.598246) (xy 6.109592 -0.4902)
      (xy 6.057283 -0.367433) (xy 5.999426 -0.231391) (xy 5.936638 -0.083524) (xy 5.869536 0.074723)
      (xy 5.798736 0.241901) (xy 5.724855 0.416563) (xy 5.6728 0.53975) (xy 5.082704 1.93675)
      (xy 4.60375 1.94319) (xy 4.574827 1.898343) (xy 4.545905 1.853496) (xy 5.380508 -0.089833)
      (xy 6.215111 -2.033161) (xy 6.278697 -2.029406)) (layer F.SilkS) (width 0.01))
    (fp_poly (pts (xy -2.135814 1.515293) (xy -2.124627 1.529015) (xy -2.11694 1.545326) (xy -2.112103 1.568956)
      (xy -2.109469 1.604631) (xy -2.108386 1.657078) (xy -2.1082 1.716279) (xy -2.108438 1.785695)
      (xy -2.109612 1.834384) (xy -2.112411 1.867022) (xy -2.117525 1.888281) (xy -2.125643 1.902834)
      (xy -2.137455 1.915355) (xy -2.137594 1.915486) (xy -2.166988 1.9431) (xy -4.5339 1.9431)
      (xy -4.5339 1.750119) (xy -4.533779 1.676293) (xy -4.532972 1.623404) (xy -4.530813 1.586992)
      (xy -4.526635 1.562594) (xy -4.519773 1.54575) (xy -4.50956 1.531996) (xy -4.499774 1.521519)
      (xy -4.465648 1.4859) (xy -2.163428 1.4859) (xy -2.135814 1.515293)) (layer F.SilkS) (width 0.01))
    (fp_poly (pts (xy 3.273876 -1.945215) (xy 3.379082 -1.939665) (xy 3.478819 -1.930009) (xy 3.564561 -1.916753)
      (xy 3.587491 -1.911871) (xy 3.710359 -1.875294) (xy 3.838425 -1.822565) (xy 3.961631 -1.757841)
      (xy 3.965234 -1.755707) (xy 4.014192 -1.72474) (xy 4.067441 -1.688045) (xy 4.120847 -1.648854)
      (xy 4.170276 -1.610397) (xy 4.211595 -1.575905) (xy 4.240668 -1.548608) (xy 4.253363 -1.531737)
      (xy 4.253599 -1.53035) (xy 4.245747 -1.516886) (xy 4.223934 -1.487854) (xy 4.190961 -1.446771)
      (xy 4.149628 -1.397157) (xy 4.119671 -1.362075) (xy 4.069221 -1.303912) (xy 4.031902 -1.262374)
      (xy 4.004461 -1.234674) (xy 3.983646 -1.218029) (xy 3.966203 -1.209654) (xy 3.94888 -1.206762)
      (xy 3.937966 -1.2065) (xy 3.908046 -1.209998) (xy 3.877446 -1.22272) (xy 3.839515 -1.248015)
      (xy 3.810357 -1.270709) (xy 3.687724 -1.355313) (xy 3.558873 -1.416455) (xy 3.421123 -1.455056)
      (xy 3.271794 -1.472034) (xy 3.220593 -1.47305) (xy 3.091818 -1.466135) (xy 2.981147 -1.444834)
      (xy 2.884924 -1.407868) (xy 2.799495 -1.353955) (xy 2.74527 -1.306537) (xy 2.670659 -1.218136)
      (xy 2.618482 -1.122877) (xy 2.588769 -1.02357) (xy 2.581546 -0.923024) (xy 2.596845 -0.82405)
      (xy 2.634692 -0.729459) (xy 2.695116 -0.642059) (xy 2.73804 -0.598022) (xy 2.773254 -0.567471)
      (xy 2.810152 -0.53945) (xy 2.85171 -0.512442) (xy 2.900905 -0.484931) (xy 2.960713 -0.455399)
      (xy 3.03411 -0.422331) (xy 3.124074 -0.38421) (xy 3.233579 -0.33952) (xy 3.2893 -0.317152)
      (xy 3.467272 -0.24413) (xy 3.622676 -0.176055) (xy 3.757536 -0.111515) (xy 3.873876 -0.049098)
      (xy 3.973718 0.012607) (xy 4.059087 0.075013) (xy 4.132005 0.139531) (xy 4.194496 0.207573)
      (xy 4.248585 0.280551) (xy 4.296293 0.359877) (xy 4.317235 0.40005) (xy 4.353598 0.479187)
      (xy 4.379813 0.553366) (xy 4.397261 0.629363) (xy 4.407321 0.713954) (xy 4.411373 0.813917)
      (xy 4.41161 0.8636) (xy 4.410847 0.94086) (xy 4.408556 0.999672) (xy 4.403928 1.046976)
      (xy 4.396153 1.089711) (xy 4.384421 1.134819) (xy 4.377069 1.159604) (xy 4.315842 1.319221)
      (xy 4.234024 1.46476) (xy 4.132851 1.595134) (xy 4.013559 1.709257) (xy 3.877385 1.806041)
      (xy 3.725562 1.8844) (xy 3.559329 1.943248) (xy 3.45814 1.967737) (xy 3.361699 1.982191)
      (xy 3.249428 1.990609) (xy 3.130193 1.992895) (xy 3.01286 1.988951) (xy 2.906295 1.978679)
      (xy 2.87655 1.974147) (xy 2.726645 1.941184) (xy 2.576254 1.89389) (xy 2.431724 1.834867)
      (xy 2.299403 1.766718) (xy 2.185639 1.692045) (xy 2.182371 1.689573) (xy 2.147582 1.660948)
      (xy 2.10459 1.622294) (xy 2.056764 1.577035) (xy 2.007473 1.528596) (xy 1.960087 1.480402)
      (xy 1.917976 1.435877) (xy 1.884508 1.398448) (xy 1.863052 1.371538) (xy 1.856899 1.358744)
      (xy 1.867407 1.347861) (xy 1.894173 1.323679) (xy 1.933889 1.289091) (xy 1.983242 1.246991)
      (xy 2.023142 1.213438) (xy 2.083117 1.163503) (xy 2.127285 1.127773) (xy 2.159252 1.104077)
      (xy 2.182627 1.090243) (xy 2.201016 1.0841) (xy 2.218028 1.083476) (xy 2.235153 1.085842)
      (xy 2.271424 1.09707) (xy 2.303707 1.120737) (xy 2.331814 1.151844) (xy 2.395243 1.218023)
      (xy 2.476699 1.285841) (xy 2.569644 1.350465) (xy 2.667543 1.407065) (xy 2.696997 1.421804)
      (xy 2.792882 1.464918) (xy 2.877855 1.495248) (xy 2.960624 1.514783) (xy 3.049895 1.525511)
      (xy 3.154375 1.529421) (xy 3.16865 1.529528) (xy 3.242564 1.529212) (xy 3.298302 1.526861)
      (xy 3.34306 1.52165) (xy 3.384032 1.512752) (xy 3.42681 1.499865) (xy 3.550711 1.447157)
      (xy 3.657529 1.376355) (xy 3.746178 1.288645) (xy 3.815576 1.185209) (xy 3.864639 1.067233)
      (xy 3.881178 1.0033) (xy 3.895934 0.881599) (xy 3.886846 0.768533) (xy 3.853751 0.663549)
      (xy 3.796487 0.566095) (xy 3.729413 0.489477) (xy 3.690669 0.454512) (xy 3.64645 0.421041)
      (xy 3.594181 0.387766) (xy 3.531286 0.353387) (xy 3.455192 0.316607) (xy 3.363323 0.276125)
      (xy 3.253104 0.230644) (xy 3.12196 0.178865) (xy 3.0861 0.164976) (xy 2.956786 0.114435)
      (xy 2.848278 0.070552) (xy 2.757321 0.031837) (xy 2.68066 -0.003197) (xy 2.615041 -0.036036)
      (xy 2.55721 -0.068169) (xy 2.503914 -0.101083) (xy 2.503598 -0.101287) (xy 2.382899 -0.193041)
      (xy 2.277753 -0.300372) (xy 2.190513 -0.419975) (xy 2.123536 -0.548544) (xy 2.079177 -0.682773)
      (xy 2.07453 -0.703616) (xy 2.06271 -0.784125) (xy 2.056914 -0.877208) (xy 2.057085 -0.973876)
      (xy 2.063164 -1.065145) (xy 2.075094 -1.142028) (xy 2.077406 -1.151851) (xy 2.126208 -1.29659)
      (xy 2.196806 -1.43069) (xy 2.287294 -1.552653) (xy 2.395772 -1.66098) (xy 2.520335 -1.754173)
      (xy 2.659081 -1.830735) (xy 2.810107 -1.889168) (xy 2.971509 -1.927973) (xy 3.081164 -1.941968)
      (xy 3.171728 -1.946152) (xy 3.273876 -1.945215)) (layer F.SilkS) (width 0.01))
    (fp_poly (pts (xy -6.047924 -1.945215) (xy -5.942718 -1.939665) (xy -5.842981 -1.930009) (xy -5.757239 -1.916753)
      (xy -5.734309 -1.911871) (xy -5.611441 -1.875294) (xy -5.483375 -1.822565) (xy -5.360169 -1.757841)
      (xy -5.356566 -1.755707) (xy -5.307608 -1.72474) (xy -5.254359 -1.688045) (xy -5.200953 -1.648854)
      (xy -5.151524 -1.610397) (xy -5.110205 -1.575905) (xy -5.081132 -1.548608) (xy -5.068437 -1.531737)
      (xy -5.068201 -1.53035) (xy -5.076053 -1.516886) (xy -5.097866 -1.487854) (xy -5.130839 -1.446771)
      (xy -5.172172 -1.397157) (xy -5.202129 -1.362075) (xy -5.252579 -1.303912) (xy -5.289898 -1.262374)
      (xy -5.317339 -1.234674) (xy -5.338154 -1.218029) (xy -5.355597 -1.209654) (xy -5.37292 -1.206762)
      (xy -5.383834 -1.2065) (xy -5.413754 -1.209998) (xy -5.444354 -1.22272) (xy -5.482285 -1.248015)
      (xy -5.511443 -1.270709) (xy -5.634076 -1.355313) (xy -5.762927 -1.416455) (xy -5.900677 -1.455056)
      (xy -6.050006 -1.472034) (xy -6.101207 -1.47305) (xy -6.229982 -1.466135) (xy -6.340653 -1.444834)
      (xy -6.436876 -1.407868) (xy -6.522305 -1.353955) (xy -6.57653 -1.306537) (xy -6.651141 -1.218136)
      (xy -6.703318 -1.122877) (xy -6.733031 -1.02357) (xy -6.740254 -0.923024) (xy -6.724955 -0.82405)
      (xy -6.687108 -0.729459) (xy -6.626684 -0.642059) (xy -6.58376 -0.598022) (xy -6.548546 -0.567471)
      (xy -6.511648 -0.53945) (xy -6.47009 -0.512442) (xy -6.420895 -0.484931) (xy -6.361087 -0.455399)
      (xy -6.28769 -0.422331) (xy -6.197726 -0.38421) (xy -6.088221 -0.33952) (xy -6.0325 -0.317152)
      (xy -5.854528 -0.24413) (xy -5.699124 -0.176055) (xy -5.564264 -0.111515) (xy -5.447924 -0.049098)
      (xy -5.348082 0.012607) (xy -5.262713 0.075013) (xy -5.189795 0.139531) (xy -5.127304 0.207573)
      (xy -5.073215 0.280551) (xy -5.025507 0.359877) (xy -5.004565 0.40005) (xy -4.968202 0.479187)
      (xy -4.941987 0.553366) (xy -4.924539 0.629363) (xy -4.914479 0.713954) (xy -4.910427 0.813917)
      (xy -4.91019 0.8636) (xy -4.910953 0.94086) (xy -4.913244 0.999672) (xy -4.917872 1.046976)
      (xy -4.925647 1.089711) (xy -4.937379 1.134819) (xy -4.944731 1.159604) (xy -5.005958 1.319221)
      (xy -5.087776 1.46476) (xy -5.188949 1.595134) (xy -5.308241 1.709257) (xy -5.444415 1.806041)
      (xy -5.596238 1.8844) (xy -5.762471 1.943248) (xy -5.86366 1.967737) (xy -5.960101 1.982191)
      (xy -6.072372 1.990609) (xy -6.191607 1.992895) (xy -6.30894 1.988951) (xy -6.415505 1.978679)
      (xy -6.44525 1.974147) (xy -6.595155 1.941184) (xy -6.745546 1.89389) (xy -6.890076 1.834867)
      (xy -7.022397 1.766718) (xy -7.136161 1.692045) (xy -7.139429 1.689573) (xy -7.174218 1.660948)
      (xy -7.21721 1.622294) (xy -7.265036 1.577035) (xy -7.314327 1.528596) (xy -7.361713 1.480402)
      (xy -7.403824 1.435877) (xy -7.437292 1.398448) (xy -7.458748 1.371538) (xy -7.464901 1.358744)
      (xy -7.454393 1.347861) (xy -7.427627 1.323679) (xy -7.387911 1.289091) (xy -7.338558 1.246991)
      (xy -7.298658 1.213438) (xy -7.238683 1.163503) (xy -7.194515 1.127773) (xy -7.162548 1.104077)
      (xy -7.139173 1.090243) (xy -7.120784 1.0841) (xy -7.103772 1.083476) (xy -7.086647 1.085842)
      (xy -7.050376 1.09707) (xy -7.018093 1.120737) (xy -6.989986 1.151844) (xy -6.926557 1.218023)
      (xy -6.845101 1.285841) (xy -6.752156 1.350465) (xy -6.654257 1.407065) (xy -6.624803 1.421804)
      (xy -6.528918 1.464918) (xy -6.443945 1.495248) (xy -6.361176 1.514783) (xy -6.271905 1.525511)
      (xy -6.167425 1.529421) (xy -6.15315 1.529528) (xy -6.079236 1.529212) (xy -6.023498 1.526861)
      (xy -5.97874 1.52165) (xy -5.937768 1.512752) (xy -5.89499 1.499865) (xy -5.771089 1.447157)
      (xy -5.664271 1.376355) (xy -5.575622 1.288645) (xy -5.506224 1.185209) (xy -5.457161 1.067233)
      (xy -5.440622 1.0033) (xy -5.425866 0.881599) (xy -5.434954 0.768533) (xy -5.468049 0.663549)
      (xy -5.525313 0.566095) (xy -5.592387 0.489477) (xy -5.631131 0.454512) (xy -5.67535 0.421041)
      (xy -5.727619 0.387766) (xy -5.790514 0.353387) (xy -5.866608 0.316607) (xy -5.958477 0.276125)
      (xy -6.068696 0.230644) (xy -6.19984 0.178865) (xy -6.2357 0.164976) (xy -6.365014 0.114435)
      (xy -6.473522 0.070552) (xy -6.564479 0.031837) (xy -6.64114 -0.003197) (xy -6.706759 -0.036036)
      (xy -6.76459 -0.068169) (xy -6.817886 -0.101083) (xy -6.818202 -0.101287) (xy -6.938901 -0.193041)
      (xy -7.044047 -0.300372) (xy -7.131287 -0.419975) (xy -7.198264 -0.548544) (xy -7.242623 -0.682773)
      (xy -7.24727 -0.703616) (xy -7.25909 -0.784125) (xy -7.264886 -0.877208) (xy -7.264715 -0.973876)
      (xy -7.258636 -1.065145) (xy -7.246706 -1.142028) (xy -7.244394 -1.151851) (xy -7.195592 -1.29659)
      (xy -7.124994 -1.43069) (xy -7.034506 -1.552653) (xy -6.926028 -1.66098) (xy -6.801465 -1.754173)
      (xy -6.662719 -1.830735) (xy -6.511693 -1.889168) (xy -6.350291 -1.927973) (xy -6.240636 -1.941968)
      (xy -6.150072 -1.946152) (xy -6.047924 -1.945215)) (layer F.SilkS) (width 0.01))
    (fp_poly (pts (xy -1.757757 -2.194747) (xy -1.619773 -2.043253) (xy -1.471129 -1.880141) (xy -1.314851 -1.708727)
      (xy -1.153963 -1.532326) (xy -0.991491 -1.354253) (xy -0.830461 -1.177823) (xy -0.673898 -1.006352)
      (xy -0.524826 -0.843154) (xy -0.386273 -0.691546) (xy -0.261262 -0.554841) (xy -0.2413 -0.533022)
      (xy -0.124604 -0.405465) (xy -0.006819 -0.276693) (xy 0.110045 -0.148907) (xy 0.223975 -0.024305)
      (xy 0.332963 0.094912) (xy 0.434997 0.206545) (xy 0.528067 0.308395) (xy 0.610163 0.398262)
      (xy 0.679273 0.473947) (xy 0.733387 0.53325) (xy 0.7366 0.536773) (xy 0.803418 0.60976)
      (xy 0.864907 0.676378) (xy 0.918954 0.734383) (xy 0.963448 0.78153) (xy 0.996277 0.815574)
      (xy 1.015331 0.83427) (xy 1.019175 0.837197) (xy 1.02047 0.824912) (xy 1.021714 0.788881)
      (xy 1.022894 0.730761) (xy 1.023999 0.652206) (xy 1.025016 0.554872) (xy 1.025934 0.440413)
      (xy 1.026741 0.310484) (xy 1.027425 0.166742) (xy 1.027975 0.010839) (xy 1.028378 -0.155567)
      (xy 1.028624 -0.330822) (xy 1.0287 -0.499437) (xy 1.0287 -1.837073) (xy 1.058093 -1.864687)
      (xy 1.070616 -1.875064) (xy 1.085385 -1.88246) (xy 1.106626 -1.887376) (xy 1.138569 -1.890315)
      (xy 1.185443 -1.891777) (xy 1.251475 -1.892265) (xy 1.290829 -1.892301) (xy 1.367134 -1.892141)
      (xy 1.422226 -1.891308) (xy 1.46029 -1.889269) (xy 1.485513 -1.885491) (xy 1.50208 -1.87944)
      (xy 1.514179 -1.870585) (xy 1.521786 -1.862907) (xy 1.5494 -1.833513) (xy 1.549668 0.064318)
      (xy 1.549937 1.96215) (xy 2.058777 2.520782) (xy 2.150554 2.62159) (xy 2.23721 2.716873)
      (xy 2.317236 2.804963) (xy 2.389123 2.884196) (xy 2.451361 2.952904) (xy 2.502441 3.009422)
      (xy 2.540854 3.052084) (xy 2.565091 3.079224) (xy 2.573608 3.089107) (xy 2.564844 3.093604)
      (xy 2.536257 3.096992) (xy 2.493418 3.0987) (xy 2.479122 3.0988) (xy 2.378646 3.0988)
      (xy 1.889455 2.562225) (xy 1.803902 2.468422) (xy 1.711627 2.367324) (xy 1.611936 2.258173)
      (xy 1.504133 2.140207) (xy 1.387524 2.012669) (xy 1.261413 1.874799) (xy 1.125106 1.725838)
      (xy 0.977907 1.565026) (xy 0.819121 1.391605) (xy 0.648053 1.204815) (xy 0.464009 1.003897)
      (xy 0.266292 0.788092) (xy 0.054209 0.55664) (xy -0.172936 0.308783) (xy -0.415839 0.04376)
      (xy -0.675194 -0.239186) (xy -0.6858 -0.250757) (xy -1.17475 -0.78416) (xy -1.181218 1.871982)
      (xy -1.215285 1.907541) (xy -1.249353 1.9431) (xy -1.446307 1.9431) (xy -1.520986 1.942986)
      (xy -1.574666 1.942215) (xy -1.611747 1.940142) (xy -1.63663 1.936119) (xy -1.653714 1.929503)
      (xy -1.6674 1.919646) (xy -1.678881 1.908973) (xy -1.7145 1.874847) (xy -1.715122 -0.024602)
      (xy -1.715744 -1.92405) (xy -2.191922 -2.44475) (xy -2.282498 -2.543868) (xy -2.369294 -2.638989)
      (xy -2.450539 -2.728164) (xy -2.524461 -2.809441) (xy -2.58929 -2.88087) (xy -2.643252 -2.940499)
      (xy -2.684578 -2.986378) (xy -2.711495 -3.016556) (xy -2.719533 -3.025775) (xy -2.770966 -3.0861)
      (xy -2.569364 -3.0861) (xy -1.757757 -2.194747)) (layer F.SilkS) (width 0.01))
  )

  (module Capacitor_SMD:C_0603_1608Metric (layer F.Cu) (tedit 5B301BBE) (tstamp 5E2B519E)
    (at 191.975 107.8 180)
    (descr "Capacitor SMD 0603 (1608 Metric), square (rectangular) end terminal, IPC_7351 nominal, (Body size source: http://www.tortai-tech.com/upload/download/2011102023233369053.pdf), generated with kicad-footprint-generator")
    (tags capacitor)
    (path /5E1F2E2E/5E2BB711)
    (attr smd)
    (fp_text reference C1 (at -2.425 -0.2) (layer F.SilkS)
      (effects (font (size 1 1) (thickness 0.15)))
    )
    (fp_text value 100nF (at 0 1.43) (layer F.Fab)
      (effects (font (size 1 1) (thickness 0.15)))
    )
    (fp_line (start -0.8 0.4) (end -0.8 -0.4) (layer F.Fab) (width 0.1))
    (fp_line (start -0.8 -0.4) (end 0.8 -0.4) (layer F.Fab) (width 0.1))
    (fp_line (start 0.8 -0.4) (end 0.8 0.4) (layer F.Fab) (width 0.1))
    (fp_line (start 0.8 0.4) (end -0.8 0.4) (layer F.Fab) (width 0.1))
    (fp_line (start -0.162779 -0.51) (end 0.162779 -0.51) (layer F.SilkS) (width 0.12))
    (fp_line (start -0.162779 0.51) (end 0.162779 0.51) (layer F.SilkS) (width 0.12))
    (fp_line (start -1.48 0.73) (end -1.48 -0.73) (layer F.CrtYd) (width 0.05))
    (fp_line (start -1.48 -0.73) (end 1.48 -0.73) (layer F.CrtYd) (width 0.05))
    (fp_line (start 1.48 -0.73) (end 1.48 0.73) (layer F.CrtYd) (width 0.05))
    (fp_line (start 1.48 0.73) (end -1.48 0.73) (layer F.CrtYd) (width 0.05))
    (fp_text user %R (at 0 0) (layer F.Fab)
      (effects (font (size 0.4 0.4) (thickness 0.06)))
    )
    (pad 1 smd roundrect (at -0.7875 0 180) (size 0.875 0.95) (layers F.Cu F.Paste F.Mask) (roundrect_rratio 0.25)
      (net 1 GND))
    (pad 2 smd roundrect (at 0.7875 0 180) (size 0.875 0.95) (layers F.Cu F.Paste F.Mask) (roundrect_rratio 0.25)
      (net 2 MCU_RST))
    (model ${KISYS3DMOD}/Capacitor_SMD.3dshapes/C_0603_1608Metric.wrl
      (at (xyz 0 0 0))
      (scale (xyz 1 1 1))
      (rotate (xyz 0 0 0))
    )
  )

  (module Capacitor_SMD:C_0603_1608Metric (layer F.Cu) (tedit 5B301BBE) (tstamp 5E2B51AF)
    (at 192.025 104.95)
    (descr "Capacitor SMD 0603 (1608 Metric), square (rectangular) end terminal, IPC_7351 nominal, (Body size source: http://www.tortai-tech.com/upload/download/2011102023233369053.pdf), generated with kicad-footprint-generator")
    (tags capacitor)
    (path /5E1F2E2E/5E4173AD)
    (attr smd)
    (fp_text reference C2 (at 0 -1.43) (layer F.SilkS)
      (effects (font (size 1 1) (thickness 0.15)))
    )
    (fp_text value 100nF (at 0 1.43) (layer F.Fab)
      (effects (font (size 1 1) (thickness 0.15)))
    )
    (fp_line (start -0.8 0.4) (end -0.8 -0.4) (layer F.Fab) (width 0.1))
    (fp_line (start -0.8 -0.4) (end 0.8 -0.4) (layer F.Fab) (width 0.1))
    (fp_line (start 0.8 -0.4) (end 0.8 0.4) (layer F.Fab) (width 0.1))
    (fp_line (start 0.8 0.4) (end -0.8 0.4) (layer F.Fab) (width 0.1))
    (fp_line (start -0.162779 -0.51) (end 0.162779 -0.51) (layer F.SilkS) (width 0.12))
    (fp_line (start -0.162779 0.51) (end 0.162779 0.51) (layer F.SilkS) (width 0.12))
    (fp_line (start -1.48 0.73) (end -1.48 -0.73) (layer F.CrtYd) (width 0.05))
    (fp_line (start -1.48 -0.73) (end 1.48 -0.73) (layer F.CrtYd) (width 0.05))
    (fp_line (start 1.48 -0.73) (end 1.48 0.73) (layer F.CrtYd) (width 0.05))
    (fp_line (start 1.48 0.73) (end -1.48 0.73) (layer F.CrtYd) (width 0.05))
    (fp_text user %R (at 0 0) (layer F.Fab)
      (effects (font (size 0.4 0.4) (thickness 0.06)))
    )
    (pad 1 smd roundrect (at -0.7875 0) (size 0.875 0.95) (layers F.Cu F.Paste F.Mask) (roundrect_rratio 0.25)
      (net 2 MCU_RST))
    (pad 2 smd roundrect (at 0.7875 0) (size 0.875 0.95) (layers F.Cu F.Paste F.Mask) (roundrect_rratio 0.25)
      (net 3 MCU_DTR))
    (model ${KISYS3DMOD}/Capacitor_SMD.3dshapes/C_0603_1608Metric.wrl
      (at (xyz 0 0 0))
      (scale (xyz 1 1 1))
      (rotate (xyz 0 0 0))
    )
  )

  (module Capacitor_SMD:C_0603_1608Metric (layer F.Cu) (tedit 5B301BBE) (tstamp 5E2B51C0)
    (at 179.75 104.075)
    (descr "Capacitor SMD 0603 (1608 Metric), square (rectangular) end terminal, IPC_7351 nominal, (Body size source: http://www.tortai-tech.com/upload/download/2011102023233369053.pdf), generated with kicad-footprint-generator")
    (tags capacitor)
    (path /5E1F2E2E/5E2B45B1)
    (attr smd)
    (fp_text reference C3 (at 0 -1.43) (layer F.SilkS)
      (effects (font (size 1 1) (thickness 0.15)))
    )
    (fp_text value 22pF (at 0 1.43) (layer F.Fab)
      (effects (font (size 1 1) (thickness 0.15)))
    )
    (fp_line (start -0.8 0.4) (end -0.8 -0.4) (layer F.Fab) (width 0.1))
    (fp_line (start -0.8 -0.4) (end 0.8 -0.4) (layer F.Fab) (width 0.1))
    (fp_line (start 0.8 -0.4) (end 0.8 0.4) (layer F.Fab) (width 0.1))
    (fp_line (start 0.8 0.4) (end -0.8 0.4) (layer F.Fab) (width 0.1))
    (fp_line (start -0.162779 -0.51) (end 0.162779 -0.51) (layer F.SilkS) (width 0.12))
    (fp_line (start -0.162779 0.51) (end 0.162779 0.51) (layer F.SilkS) (width 0.12))
    (fp_line (start -1.48 0.73) (end -1.48 -0.73) (layer F.CrtYd) (width 0.05))
    (fp_line (start -1.48 -0.73) (end 1.48 -0.73) (layer F.CrtYd) (width 0.05))
    (fp_line (start 1.48 -0.73) (end 1.48 0.73) (layer F.CrtYd) (width 0.05))
    (fp_line (start 1.48 0.73) (end -1.48 0.73) (layer F.CrtYd) (width 0.05))
    (fp_text user %R (at 0 0) (layer F.Fab)
      (effects (font (size 0.4 0.4) (thickness 0.06)))
    )
    (pad 1 smd roundrect (at -0.7875 0) (size 0.875 0.95) (layers F.Cu F.Paste F.Mask) (roundrect_rratio 0.25)
      (net 4 "Net-(C3-Pad1)"))
    (pad 2 smd roundrect (at 0.7875 0) (size 0.875 0.95) (layers F.Cu F.Paste F.Mask) (roundrect_rratio 0.25)
      (net 1 GND))
    (model ${KISYS3DMOD}/Capacitor_SMD.3dshapes/C_0603_1608Metric.wrl
      (at (xyz 0 0 0))
      (scale (xyz 1 1 1))
      (rotate (xyz 0 0 0))
    )
  )

  (module Capacitor_SMD:C_0603_1608Metric (layer F.Cu) (tedit 5B301BBE) (tstamp 5E2B51D1)
    (at 186.725 104.075 180)
    (descr "Capacitor SMD 0603 (1608 Metric), square (rectangular) end terminal, IPC_7351 nominal, (Body size source: http://www.tortai-tech.com/upload/download/2011102023233369053.pdf), generated with kicad-footprint-generator")
    (tags capacitor)
    (path /5E1F2E2E/5E2B4D7F)
    (attr smd)
    (fp_text reference C4 (at -0.075 1.475) (layer F.SilkS)
      (effects (font (size 1 1) (thickness 0.15)))
    )
    (fp_text value 22pF (at 0 1.43) (layer F.Fab)
      (effects (font (size 1 1) (thickness 0.15)))
    )
    (fp_text user %R (at 0 0) (layer F.Fab)
      (effects (font (size 0.4 0.4) (thickness 0.06)))
    )
    (fp_line (start 1.48 0.73) (end -1.48 0.73) (layer F.CrtYd) (width 0.05))
    (fp_line (start 1.48 -0.73) (end 1.48 0.73) (layer F.CrtYd) (width 0.05))
    (fp_line (start -1.48 -0.73) (end 1.48 -0.73) (layer F.CrtYd) (width 0.05))
    (fp_line (start -1.48 0.73) (end -1.48 -0.73) (layer F.CrtYd) (width 0.05))
    (fp_line (start -0.162779 0.51) (end 0.162779 0.51) (layer F.SilkS) (width 0.12))
    (fp_line (start -0.162779 -0.51) (end 0.162779 -0.51) (layer F.SilkS) (width 0.12))
    (fp_line (start 0.8 0.4) (end -0.8 0.4) (layer F.Fab) (width 0.1))
    (fp_line (start 0.8 -0.4) (end 0.8 0.4) (layer F.Fab) (width 0.1))
    (fp_line (start -0.8 -0.4) (end 0.8 -0.4) (layer F.Fab) (width 0.1))
    (fp_line (start -0.8 0.4) (end -0.8 -0.4) (layer F.Fab) (width 0.1))
    (pad 2 smd roundrect (at 0.7875 0 180) (size 0.875 0.95) (layers F.Cu F.Paste F.Mask) (roundrect_rratio 0.25)
      (net 1 GND))
    (pad 1 smd roundrect (at -0.7875 0 180) (size 0.875 0.95) (layers F.Cu F.Paste F.Mask) (roundrect_rratio 0.25)
      (net 5 "Net-(C4-Pad1)"))
    (model ${KISYS3DMOD}/Capacitor_SMD.3dshapes/C_0603_1608Metric.wrl
      (at (xyz 0 0 0))
      (scale (xyz 1 1 1))
      (rotate (xyz 0 0 0))
    )
  )

  (module Capacitor_SMD:C_0603_1608Metric (layer F.Cu) (tedit 5B301BBE) (tstamp 5E2B51E2)
    (at 186.95 131.575 180)
    (descr "Capacitor SMD 0603 (1608 Metric), square (rectangular) end terminal, IPC_7351 nominal, (Body size source: http://www.tortai-tech.com/upload/download/2011102023233369053.pdf), generated with kicad-footprint-generator")
    (tags capacitor)
    (path /5E1F2E2E/5E2C147C)
    (attr smd)
    (fp_text reference C5 (at 0 -1.43) (layer F.SilkS)
      (effects (font (size 1 1) (thickness 0.15)))
    )
    (fp_text value 100nF (at 0 1.43) (layer F.Fab)
      (effects (font (size 1 1) (thickness 0.15)))
    )
    (fp_text user %R (at 0 0) (layer F.Fab)
      (effects (font (size 0.4 0.4) (thickness 0.06)))
    )
    (fp_line (start 1.48 0.73) (end -1.48 0.73) (layer F.CrtYd) (width 0.05))
    (fp_line (start 1.48 -0.73) (end 1.48 0.73) (layer F.CrtYd) (width 0.05))
    (fp_line (start -1.48 -0.73) (end 1.48 -0.73) (layer F.CrtYd) (width 0.05))
    (fp_line (start -1.48 0.73) (end -1.48 -0.73) (layer F.CrtYd) (width 0.05))
    (fp_line (start -0.162779 0.51) (end 0.162779 0.51) (layer F.SilkS) (width 0.12))
    (fp_line (start -0.162779 -0.51) (end 0.162779 -0.51) (layer F.SilkS) (width 0.12))
    (fp_line (start 0.8 0.4) (end -0.8 0.4) (layer F.Fab) (width 0.1))
    (fp_line (start 0.8 -0.4) (end 0.8 0.4) (layer F.Fab) (width 0.1))
    (fp_line (start -0.8 -0.4) (end 0.8 -0.4) (layer F.Fab) (width 0.1))
    (fp_line (start -0.8 0.4) (end -0.8 -0.4) (layer F.Fab) (width 0.1))
    (pad 2 smd roundrect (at 0.7875 0 180) (size 0.875 0.95) (layers F.Cu F.Paste F.Mask) (roundrect_rratio 0.25)
      (net 6 "Net-(C5-Pad2)"))
    (pad 1 smd roundrect (at -0.7875 0 180) (size 0.875 0.95) (layers F.Cu F.Paste F.Mask) (roundrect_rratio 0.25)
      (net 1 GND))
    (model ${KISYS3DMOD}/Capacitor_SMD.3dshapes/C_0603_1608Metric.wrl
      (at (xyz 0 0 0))
      (scale (xyz 1 1 1))
      (rotate (xyz 0 0 0))
    )
  )

  (module Capacitor_SMD:C_0603_1608Metric (layer F.Cu) (tedit 5B301BBE) (tstamp 5E2B51F3)
    (at 177.35 131.875 180)
    (descr "Capacitor SMD 0603 (1608 Metric), square (rectangular) end terminal, IPC_7351 nominal, (Body size source: http://www.tortai-tech.com/upload/download/2011102023233369053.pdf), generated with kicad-footprint-generator")
    (tags capacitor)
    (path /5E1F2E2E/5E2C50D3)
    (attr smd)
    (fp_text reference C6 (at 0 -1.43) (layer F.SilkS)
      (effects (font (size 1 1) (thickness 0.15)))
    )
    (fp_text value 100nF (at 0 1.43) (layer F.Fab)
      (effects (font (size 1 1) (thickness 0.15)))
    )
    (fp_line (start -0.8 0.4) (end -0.8 -0.4) (layer F.Fab) (width 0.1))
    (fp_line (start -0.8 -0.4) (end 0.8 -0.4) (layer F.Fab) (width 0.1))
    (fp_line (start 0.8 -0.4) (end 0.8 0.4) (layer F.Fab) (width 0.1))
    (fp_line (start 0.8 0.4) (end -0.8 0.4) (layer F.Fab) (width 0.1))
    (fp_line (start -0.162779 -0.51) (end 0.162779 -0.51) (layer F.SilkS) (width 0.12))
    (fp_line (start -0.162779 0.51) (end 0.162779 0.51) (layer F.SilkS) (width 0.12))
    (fp_line (start -1.48 0.73) (end -1.48 -0.73) (layer F.CrtYd) (width 0.05))
    (fp_line (start -1.48 -0.73) (end 1.48 -0.73) (layer F.CrtYd) (width 0.05))
    (fp_line (start 1.48 -0.73) (end 1.48 0.73) (layer F.CrtYd) (width 0.05))
    (fp_line (start 1.48 0.73) (end -1.48 0.73) (layer F.CrtYd) (width 0.05))
    (fp_text user %R (at 0 0) (layer F.Fab)
      (effects (font (size 0.4 0.4) (thickness 0.06)))
    )
    (pad 1 smd roundrect (at -0.7875 0 180) (size 0.875 0.95) (layers F.Cu F.Paste F.Mask) (roundrect_rratio 0.25)
      (net 1 GND))
    (pad 2 smd roundrect (at 0.7875 0 180) (size 0.875 0.95) (layers F.Cu F.Paste F.Mask) (roundrect_rratio 0.25)
      (net 7 +5V))
    (model ${KISYS3DMOD}/Capacitor_SMD.3dshapes/C_0603_1608Metric.wrl
      (at (xyz 0 0 0))
      (scale (xyz 1 1 1))
      (rotate (xyz 0 0 0))
    )
  )

  (module Capacitor_SMD:C_0603_1608Metric (layer F.Cu) (tedit 5B301BBE) (tstamp 5E2B5204)
    (at 170.875 121.075 90)
    (descr "Capacitor SMD 0603 (1608 Metric), square (rectangular) end terminal, IPC_7351 nominal, (Body size source: http://www.tortai-tech.com/upload/download/2011102023233369053.pdf), generated with kicad-footprint-generator")
    (tags capacitor)
    (path /5E1F2E2E/5E2C6116)
    (attr smd)
    (fp_text reference C7 (at 2.475 -0.075 90) (layer F.SilkS)
      (effects (font (size 1 1) (thickness 0.15)))
    )
    (fp_text value 100nF (at 0 1.43 90) (layer F.Fab)
      (effects (font (size 1 1) (thickness 0.15)))
    )
    (fp_text user %R (at 0 0 90) (layer F.Fab)
      (effects (font (size 0.4 0.4) (thickness 0.06)))
    )
    (fp_line (start 1.48 0.73) (end -1.48 0.73) (layer F.CrtYd) (width 0.05))
    (fp_line (start 1.48 -0.73) (end 1.48 0.73) (layer F.CrtYd) (width 0.05))
    (fp_line (start -1.48 -0.73) (end 1.48 -0.73) (layer F.CrtYd) (width 0.05))
    (fp_line (start -1.48 0.73) (end -1.48 -0.73) (layer F.CrtYd) (width 0.05))
    (fp_line (start -0.162779 0.51) (end 0.162779 0.51) (layer F.SilkS) (width 0.12))
    (fp_line (start -0.162779 -0.51) (end 0.162779 -0.51) (layer F.SilkS) (width 0.12))
    (fp_line (start 0.8 0.4) (end -0.8 0.4) (layer F.Fab) (width 0.1))
    (fp_line (start 0.8 -0.4) (end 0.8 0.4) (layer F.Fab) (width 0.1))
    (fp_line (start -0.8 -0.4) (end 0.8 -0.4) (layer F.Fab) (width 0.1))
    (fp_line (start -0.8 0.4) (end -0.8 -0.4) (layer F.Fab) (width 0.1))
    (pad 2 smd roundrect (at 0.7875 0 90) (size 0.875 0.95) (layers F.Cu F.Paste F.Mask) (roundrect_rratio 0.25)
      (net 7 +5V))
    (pad 1 smd roundrect (at -0.7875 0 90) (size 0.875 0.95) (layers F.Cu F.Paste F.Mask) (roundrect_rratio 0.25)
      (net 1 GND))
    (model ${KISYS3DMOD}/Capacitor_SMD.3dshapes/C_0603_1608Metric.wrl
      (at (xyz 0 0 0))
      (scale (xyz 1 1 1))
      (rotate (xyz 0 0 0))
    )
  )

  (module Capacitor_SMD:C_0603_1608Metric (layer F.Cu) (tedit 5B301BBE) (tstamp 5E2B5215)
    (at 184.21 111.08)
    (descr "Capacitor SMD 0603 (1608 Metric), square (rectangular) end terminal, IPC_7351 nominal, (Body size source: http://www.tortai-tech.com/upload/download/2011102023233369053.pdf), generated with kicad-footprint-generator")
    (tags capacitor)
    (path /5E1F2E2E/5E2C64D4)
    (attr smd)
    (fp_text reference C8 (at 2.59 -0.08) (layer F.SilkS)
      (effects (font (size 1 1) (thickness 0.15)))
    )
    (fp_text value 100nF (at 0 1.43) (layer F.Fab)
      (effects (font (size 1 1) (thickness 0.15)))
    )
    (fp_line (start -0.8 0.4) (end -0.8 -0.4) (layer F.Fab) (width 0.1))
    (fp_line (start -0.8 -0.4) (end 0.8 -0.4) (layer F.Fab) (width 0.1))
    (fp_line (start 0.8 -0.4) (end 0.8 0.4) (layer F.Fab) (width 0.1))
    (fp_line (start 0.8 0.4) (end -0.8 0.4) (layer F.Fab) (width 0.1))
    (fp_line (start -0.162779 -0.51) (end 0.162779 -0.51) (layer F.SilkS) (width 0.12))
    (fp_line (start -0.162779 0.51) (end 0.162779 0.51) (layer F.SilkS) (width 0.12))
    (fp_line (start -1.48 0.73) (end -1.48 -0.73) (layer F.CrtYd) (width 0.05))
    (fp_line (start -1.48 -0.73) (end 1.48 -0.73) (layer F.CrtYd) (width 0.05))
    (fp_line (start 1.48 -0.73) (end 1.48 0.73) (layer F.CrtYd) (width 0.05))
    (fp_line (start 1.48 0.73) (end -1.48 0.73) (layer F.CrtYd) (width 0.05))
    (fp_text user %R (at 0 0) (layer F.Fab)
      (effects (font (size 0.4 0.4) (thickness 0.06)))
    )
    (pad 1 smd roundrect (at -0.7875 0) (size 0.875 0.95) (layers F.Cu F.Paste F.Mask) (roundrect_rratio 0.25)
      (net 1 GND))
    (pad 2 smd roundrect (at 0.7875 0) (size 0.875 0.95) (layers F.Cu F.Paste F.Mask) (roundrect_rratio 0.25)
      (net 7 +5V))
    (model ${KISYS3DMOD}/Capacitor_SMD.3dshapes/C_0603_1608Metric.wrl
      (at (xyz 0 0 0))
      (scale (xyz 1 1 1))
      (rotate (xyz 0 0 0))
    )
  )

  (module Capacitor_SMD:C_0603_1608Metric (layer F.Cu) (tedit 5B301BBE) (tstamp 5E2B5226)
    (at 191.125 123.025 270)
    (descr "Capacitor SMD 0603 (1608 Metric), square (rectangular) end terminal, IPC_7351 nominal, (Body size source: http://www.tortai-tech.com/upload/download/2011102023233369053.pdf), generated with kicad-footprint-generator")
    (tags capacitor)
    (path /5E1F2E2E/5E2C6859)
    (attr smd)
    (fp_text reference C9 (at 0 -1.43 90) (layer F.SilkS)
      (effects (font (size 1 1) (thickness 0.15)))
    )
    (fp_text value 100nF (at 0 1.43 90) (layer F.Fab)
      (effects (font (size 1 1) (thickness 0.15)))
    )
    (fp_text user %R (at 0 0 90) (layer F.Fab)
      (effects (font (size 0.4 0.4) (thickness 0.06)))
    )
    (fp_line (start 1.48 0.73) (end -1.48 0.73) (layer F.CrtYd) (width 0.05))
    (fp_line (start 1.48 -0.73) (end 1.48 0.73) (layer F.CrtYd) (width 0.05))
    (fp_line (start -1.48 -0.73) (end 1.48 -0.73) (layer F.CrtYd) (width 0.05))
    (fp_line (start -1.48 0.73) (end -1.48 -0.73) (layer F.CrtYd) (width 0.05))
    (fp_line (start -0.162779 0.51) (end 0.162779 0.51) (layer F.SilkS) (width 0.12))
    (fp_line (start -0.162779 -0.51) (end 0.162779 -0.51) (layer F.SilkS) (width 0.12))
    (fp_line (start 0.8 0.4) (end -0.8 0.4) (layer F.Fab) (width 0.1))
    (fp_line (start 0.8 -0.4) (end 0.8 0.4) (layer F.Fab) (width 0.1))
    (fp_line (start -0.8 -0.4) (end 0.8 -0.4) (layer F.Fab) (width 0.1))
    (fp_line (start -0.8 0.4) (end -0.8 -0.4) (layer F.Fab) (width 0.1))
    (pad 2 smd roundrect (at 0.7875 0 270) (size 0.875 0.95) (layers F.Cu F.Paste F.Mask) (roundrect_rratio 0.25)
      (net 7 +5V))
    (pad 1 smd roundrect (at -0.7875 0 270) (size 0.875 0.95) (layers F.Cu F.Paste F.Mask) (roundrect_rratio 0.25)
      (net 1 GND))
    (model ${KISYS3DMOD}/Capacitor_SMD.3dshapes/C_0603_1608Metric.wrl
      (at (xyz 0 0 0))
